SYNC_MACH g1  g1  1. 1.  0.  0.   800. 760. 3. 0. 0.95
                    XT   0.15  1.1  0.25   0.2   0.7   *   0.2  0.1  6.0257  0.  5.00  0.05  *  0.1
	          EXC GENERIC1   1.8991 -0.1  0.  1.  100. -1. -11  10.  70.  10.  20. 0.1  0.  4.
                                1     75.    15.    0.2    0.01     0.2    0.01       -0.1     0.1
              TOR HYDRO_GENERIC1  0.04  2.0  0.  2.00  0.40  0.2    0.1   1.0 ;
SYNC_MACH g2  g2  1. 1.  0.  0.   600. 570. 3. 0. 0.95
                    XT   0.15  1.1  0.25   0.2   0.7   *   0.2  0.1  6.0257  0.  5.00  0.05  *  0.1
              EXC GENERIC1   1.8991 -0.1  0.  1.  100. -1. -11  10.  70.  10.  20. 0.1  0.  4.
                                1     75.   15.    0.2    0.01     0.2    0.01    -0.1    0.1
              TOR HYDRO_GENERIC1  0.04  2.0  0.  2.00  0.40  0.2    0.1   1.0 ;
SYNC_MACH g3  g3  1. 1.  0.  0.   700. 665. 3. 0. 0.95
                    XT   0.15  1.1  0.25   0.2   0.7   *   0.2  0.1  6.0257  0.  5.00  0.05  *  0.1
              EXC GENERIC1   1.8991 -0.1  0.  1.  100. -1. -11  10.  70.  10.  20. 0.1  0.  4.
                                1     75.   15.    0.2    0.01     0.2    0.01    -0.1    0.1
              TOR HYDRO_GENERIC1  0.04  2.0  0.  2.00  0.40  0.2    0.1   1.0 ;
SYNC_MACH g4  g4  1. 1.  0.  0.   600. 570. 3. 0. 0.95
                    XT   0.15  1.1  0.25   0.2   0.7   *   0.2  0.1  6.0257  0.  5.00  0.05  *  0.1
              EXC GENERIC1   1.8991 -0.1  0.  1.  100. -1. -11  10.  70.  10.  20. 0.1  0.  4.
                                1    150.   15.    0.2    0.01     0.2    0.01    -0.1    0.1
              TOR HYDRO_GENERIC1  0.04  2.0  0.  2.00  0.40  0.2    0.1   1.0 ;
SYNC_MACH g5  g5  1. 1.  0.  0.   250. 237.5 3. 0. 0.95
                    XT   0.15  1.1  0.25   0.2   0.7   *   0.2  0.1  6.0257  0.  5.00  0.05  *  0.1
              EXC GENERIC1   1.8991 -0.1  0.  1.  100. -1. -11.  10.  70.  10.  20. 0.1  0.  4.
                                1     75.   15.    0.2    0.01     0.2    0.01    -0.1    0.1
              TOR HYDRO_GENERIC1  0.04  2.0  0.  2.00  0.40  0.2    0.1   1.0 ;
SYNC_MACH g6  g6  1. 1.  0.  0.   400. 360. 6. 0. 2.05 
                    XT   0.15  2.2  0.3    0.2   2.   0.4  0.2  0.1  6.0257  0.  7.00  0.05  1.5  0.05
              EXC GENERIC1   3.0618 -0.1  1.  0.  100. -1. -20.0  10.  120. 5.  12.5 0.1  0.  5.
                                1     75.   15.    0.22    0.012     0.22    0.012    -0.1    0.1
              TOR CONSTANT ;
SYNC_MACH g7  g7  1. 1.  0.  0.   200. 180. 6. 0. 2.05
                    XT   0.15  2.2  0.3    0.2   2.   0.4  0.2  0.1  6.0257  0.  7.00  0.05  1.5  0.05
              EXC GENERIC1   3.0618 -0.1  1.  0.  100. -1. -20.0  10.  120. 5.  12.5 0.1  0.  5.
                                1     75.   15.    0.22    0.012     0.22    0.012    -0.1    0.1
              TOR CONSTANT ;
SYNC_MACH g8  g8  1. 1.  0.  0.   850. 807.5 3. 0. 0.95
                    XT   0.15  1.1  0.25   0.2   0.7   *   0.2  0.1  6.0257  0.  5.00  0.05  *  0.1
              EXC GENERIC1   1.8991 -0.1  0.  1.  100. -1. -11  10.  70.  10.  20. 0.1  0.  4.
                                1     75.   15.    0.2    0.01     0.2    0.01    -0.1    0.1
              TOR HYDRO_GENERIC1  0.04  2.0  0.  2.00  0.40  0.2    0.1   1.0 ;
SYNC_MACH g9  g9  1. 1.  0.  0.  1000. 950.  3. 0. 0.95
                    XT   0.15  1.1  0.25   0.2   0.7   *   0.2  0.1  6.0257  0.  5.00  0.05  *  0.1
              EXC GENERIC1   1.8991 -0.1  0.  1.  100. -1. -11  10.  70.  10.  20. 0.1  0.  4.
                                1     75.   15.    0.2    0.01     0.2    0.01    -0.1    0.1
              TOR HYDRO_GENERIC1  0.04  2.0  0.  2.00  0.40  0.2    0.1   1.0 ;
SYNC_MACH g10 g10 1. 1.  0.  0.   800. 760.  3. 0. 0.95
                    XT   0.15  1.1  0.25   0.2   0.7   *   0.2  0.1  6.0257  0.  5.00  0.05  *  0.1
              EXC GENERIC1   1.8991 -0.1  0.  1.  100. -1. -11  10.  70.  10.  20. 0.1  0.  4.
                                1     75.   15.    0.2    0.01     0.2    0.01    -0.1    0.1
              TOR HYDRO_GENERIC1  0.04  2.0  0.  2.00  0.40  0.2    0.1   1.0 ;
SYNC_MACH g11 g11 1. 1.  0.  0.   300. 285.  3. 0. 0.95
                    XT   0.15  1.1  0.25   0.2   0.7   *   0.2  0.1  6.0257  0.  5.00  0.05  *  0.1
              EXC GENERIC1   1.8991 -0.1  1.  0.  100. -1. -20  10.  70.  10.  20. 0.1  0.  4.
                                1     75.   15.    0.2    0.01     0.2    0.01    -0.1    0.1
              TOR HYDRO_GENERIC1  0.04  2.0  0.  2.00  0.40  0.2    0.1   1.0 ;
SYNC_MACH g12 g12 1. 1.  0.  0.   350. 332.5 3. 0. 0.95
                    XT   0.15  1.1  0.25   0.2   0.7   *   0.2  0.1  6.0257  0.  5.00  0.05  *  0.1
              EXC GENERIC1   1.8991 -0.1  1.  0.  100. -1. -20  10.  70.  10.  20. 0.1  0.  4.
                                1     75.   15.    0.2    0.01     0.2    0.01    -0.1    0.1
              TOR HYDRO_GENERIC1  0.04  2.0  0.  2.00  0.40  0.2    0.1   1.0 ;
SYNC_MACH g13 g13 1. 1.  0.  0.   300. 0.    2. 0. 1.40
                    XT   0.15  1.55  0.3   0.2   1.0   *   0.2  0.1  6.0257  0.  7.00  0.05  *  0.1
              EXC GENERIC1   2.9579 -0.1  0.  1.  100. -1. -17  10.  50.  4.  20. 0.1  0.  4.
                                1     0.    5.    1.    1.     1.    1.       0.     0.
              TOR CONSTANT ;
SYNC_MACH g14 g14 1. 1.  0.  0.   700. 630.  6. 0. 2.05
                    XT   0.15  2.2   0.3   0.2   2.   0.4  0.2  0.1  6.0257  0.  7.00  0.05  1.5  0.05
              EXC GENERIC1   3.0618 -0.1  0.  1.  100. -1. -18  10.  120. 5.  12.5 0.1  0.  5.
                                1     75.   15.    0.22    0.012     0.22    0.012    -0.1    0.1
              TOR CONSTANT ;
SYNC_MACH g15 g15 1. 1.  0.  0.  1200. 1080. 6. 0. 2.05
                    XT   0.15  2.2   0.3   0.2   2.   0.4  0.2  0.1  6.0257  0.  7.00  0.05  1.5  0.05
              EXC GENERIC1   3.0618 -0.1  0.  1.  100. -1. -18  10.  120. 5.  12.5 0.1  0.  5.
                                1     75.   15.    0.22    0.012     0.22    0.012    -0.1    0.1
              TOR CONSTANT ;
SYNC_MACH g16 g16 1. 1.  0.  0.   700. 630.  6. 0. 2.05
                    XT   0.15  2.2   0.3   0.2   2.   0.4  0.2  0.1  6.0257  0.  7.00  0.05  1.5  0.05
              EXC GENERIC1   3.0618 -0.1  0.  1.  100. -1. -18  10.  120. 5.  12.5 0.1  0.  5.
                                1     75.   15.    0.22    0.012     0.22    0.012    -0.1    0.1
              TOR CONSTANT ;
SYNC_MACH g17 g17 1. 1.  0.  0.   600. 540.  6. 0. 2.05
                    XT   0.15  2.2   0.3   0.2   2.   0.4  0.2  0.1  6.0257  0.  7.00  0.05  1.5  0.05
              EXC GENERIC1   3.0618 -0.1  0.  1.  100. -1. -18  10.  120. 5.  12.5 0.1  0.  5.
                                1    150.   15.    0.22    0.012     0.22    0.012    -0.1    0.1
              TOR CONSTANT ;
SYNC_MACH g18 g18 1. 1.  0.  0.  1200. 1080. 6. 0. 2.05
                    XT   0.15  2.2   0.3   0.2   2.   0.4  0.2  0.1  6.0257  0.  7.00  0.05  1.5  0.05
              EXC GENERIC1   3.0618 -0.1  0.  1.  100. -1. -18  10.  120. 5.  12.5 0.1  0.  5.
                                1    150.   15.    0.22    0.012     0.22    0.012    -0.1    0.1
              TOR CONSTANT ;
SYNC_MACH g19 g19 1. 1.  0.  0.   500. 475.  3. 0. 0.95
                    XT   0.15  1.1   0.25  0.2   0.7   *   0.2  0.1  6.0257  0.  5.00  0.05  *  0.1
	          EXC GENERIC1   1.8991 -0.1  0.  1.  100. -1. -11  10.  70.  10.  20. 0.1  0.  4.
                                1     0.    5.    1.    1.     1.    1.       0.     0.
              TOR HYDRO_GENERIC1  0.08  2.0  0.  2.00  0.40  0.2    0.1   1.0 ;
SYNC_MACH g20 g20 1. 1.  0.  0. 4500. 4275. 3. 0. 0.95
                    XT   0.15  1.1   0.25  0.2   0.7   *  0.2   0.1  6.0257  0.  5.00  0.05  *  0.1
              EXC GENERIC1   1.8991 -0.1  0.  1.  100. -1. -11  10.  70.  10.  20. 0.1  0.  4.
                                1     0.    5.    1.    1.     1.    1.       0.     0.
              TOR HYDRO_GENERIC1  0.08  2.0  0.  2.00  0.40  0.2    0.1   1.0 ;
DCTL LTC2 11-1011 11-1011 11  -1 88. 120. 33 0.01  1.03 30  8 ;
DCTL LTC2 12-1012 12-1012 12  -1 88. 120. 33 0.01  1.03 30  9 ;
DCTL LTC2 13-1013 13-1013 13  -1 88. 120. 33 0.01  1.03 30 10 ;
DCTL LTC2 22-1022 22-1022 22  -1 88. 120. 33 0.01  1.03 30 11 ;
DCTL LTC2  1-1041  1-1041  1  -1 88. 120. 33 0.01  1.03 29 12 ;
DCTL LTC2  2-1042  2-1042  2  -1 88. 120. 33 0.01  1.03 29  8 ;
DCTL LTC2  3-1043  3-1043  3  -1 88. 120. 33 0.01  1.03 29  9 ;
DCTL LTC2  4-1044  4-1044  4  -1 88. 120. 33 0.01  1.03 29 10 ;
DCTL LTC2  5-1045  5-1045  5  -1 88. 120. 33 0.01  1.03 29 11 ;
DCTL LTC2 31-2031 31-2031 31  -1 88. 120. 33 0.01  1.03 29 12 ;
DCTL LTC2 32-2032 32-2032 32  -1 88. 120. 33 0.01  1.03 31  8 ;
DCTL LTC2 41-4041 41-4041 41  -1 88. 120. 33 0.01  1.03 31  9 ;
DCTL LTC2 42-4042 42-4042 42  -1 88. 120. 33 0.01  1.03 31 10 ;
DCTL LTC2 43-4043 43-4043 43  -1 88. 120. 33 0.01  1.03 31 11 ;
DCTL LTC2 46-4046 46-4046 46  -1 88. 120. 33 0.01  1.03 31 12 ;
DCTL LTC2 47-4047 47-4047 47  -1 88. 120. 33 0.01  1.03 30  8 ;
DCTL LTC2 51-4051 51-4051 51  -1 88. 120. 33 0.01  1.03 30  9 ;
DCTL LTC2 61-4061 61-4061 61  -1 88. 120. 33 0.01  1.03 30 10 ;
DCTL LTC2 62-4062 62-4062 62  -1 88. 120. 33 0.01  1.03 30 11 ;
DCTL LTC2 63-4063 63-4063 63  -1 88. 120. 33 0.01  1.03 30 12 ;
DCTL LTC2 71-4071 71-4071 71  -1 88. 120. 33 0.01  1.03 31  9 ;
DCTL LTC2 72-4072 72-4072 72  -1 88. 120. 33 0.01  1.03 31 11 ;
LOAD L_11 11 1. 1. 0. 0.   0. 1. 1.0 0. 0. 0. 0. 1. 2.0 0. 0. 0. ;
LOAD L_12 12 1. 1. 0. 0.   0. 1. 1.0 0. 0. 0. 0. 1. 2.0 0. 0. 0. ;
LOAD L_13 13 1. 1. 0. 0.   0. 1. 1.0 0. 0. 0. 0. 1. 2.0 0. 0. 0. ;
LOAD L_22 22 1. 1. 0. 0.   0. 1. 1.0 0. 0. 0. 0. 1. 2.0 0. 0. 0. ;
LOAD L_01  1 1. 1. 0. 0.   0. 1. 1.0 0. 0. 0. 0. 1. 2.0 0. 0. 0. ;
LOAD L_02  2 1. 1. 0. 0.   0. 1. 1.0 0. 0. 0. 0. 1. 2.0 0. 0. 0. ;
LOAD L_03  3 1. 1. 0. 0.   0. 1. 1.0 0. 0. 0. 0. 1. 2.0 0. 0. 0. ;
LOAD L_04  4 1. 1. 0. 0.   0. 1. 1.0 0. 0. 0. 0. 1. 2.0 0. 0. 0. ;
LOAD L_05  5 1. 1. 0. 0.   0. 1. 1.0 0. 0. 0. 0. 1. 2.0 0. 0. 0. ;
LOAD L_31 31 1. 1. 0. 0.   0. 1. 1.0 0. 0. 0. 0. 1. 2.0 0. 0. 0. ;
LOAD L_32 32 1. 1. 0. 0.   0. 1. 1.0 0. 0. 0. 0. 1. 2.0 0. 0. 0. ;
LOAD L_41 41 1. 1. 0. 0.   0. 1. 1.0 0. 0. 0. 0. 1. 2.0 0. 0. 0. ;
LOAD L_42 42 1. 1. 0. 0.   0. 1. 1.0 0. 0. 0. 0. 1. 2.0 0. 0. 0. ;
LOAD L_43 43 1. 1. 0. 0.   0. 1. 1.0 0. 0. 0. 0. 1. 2.0 0. 0. 0. ;
LOAD L_46 46 1. 1. 0. 0.   0. 1. 1.0 0. 0. 0. 0. 1. 2.0 0. 0. 0. ;
LOAD L_47 47 1. 1. 0. 0.   0. 1. 1.0 0. 0. 0. 0. 1. 2.0 0. 0. 0. ;
LOAD L_51 51 1. 1. 0. 0.   0. 1. 1.0 0. 0. 0. 0. 1. 2.0 0. 0. 0. ;
LOAD L_61 61 1. 1. 0. 0.   0. 1. 1.0 0. 0. 0. 0. 1. 2.0 0. 0. 0. ;
LOAD L_62 62 1. 1. 0. 0.   0. 1. 1.0 0. 0. 0. 0. 1. 2.0 0. 0. 0. ;
LOAD L_63 63 1. 1. 0. 0.   0. 1. 1.0 0. 0. 0. 0. 1. 2.0 0. 0. 0. ;
LOAD L_71 71 1. 1. 0. 0.   0. 1. 1.0 0. 0. 0. 0. 1. 2.0 0. 0. 0. ;
LOAD L_72 72 1. 1. 0. 0.   0. 1. 1.0 0. 0. 0. 0. 1. 2.0 0. 0. 0. ;
INJEC PVD PVN5AB4 N5AB4 0. 0. 0.3 0. 36.6 0.80 0.020 0.050 0.0 ;
SYNC_MACH MT5AB4 N5AB4 1. 1. 0. 0. 3 2.55 3. 0. 1.8891 XT 0.1239 2.013 0.279 0.214 1.98 * 0.315 0.1 6.0257 0.0068 1.80 0.02 * 0.13 EXC CONSTANT TOR CONSTANT ;